RESULTS REPORT - DFCSC-CLS
Model: RoBERTa
Encoder: roberta-base
Dataset: facts
Evaluation: test set (5 random seeds)
Max sequence length: 512
Min context length: 250
Batch size: 16
Dropout rate: 0.2
Learning rate: 1e-05
Adam Epsilon: 1e-08
Weight decay: 0.001
Train time: 00h33m45s
GPU name: Tesla V100-SXM2-16GB
GPU memory: 15.78

Averages:
Epoch Train loss   std    Test loss   std    P (macro) P std  R (macro) R std  F1 (macro) F1 std
  1    0.977734  0.034060  0.734447 0.039957   0.5559  0.0898   0.5125  0.0300   0.5012   0.0274
  2    0.699299  0.016233  0.644408 0.025521   0.7070  0.0363   0.6501  0.0121   0.6611   0.0107
  3    0.589203  0.013072  0.620798 0.020842   0.6939  0.0157   0.6684  0.0250   0.6750   0.0158
  4    0.523231  0.009589  0.617026 0.020269   0.6941  0.0068   0.6834  0.0192   0.6864   0.0120

*** Detailed report ***

Confusion matrices
------------------
Fact: 0 
RulingByPresentCourt: 1 
RatioOfTheDecision: 2 
Other: 3 
=> Iteration 0:
Epoch 1:
[[342   0  17  33]
 [  7   0   4  26]
 [ 10   0 210 405]
 [158   0 118 867]]
Epoch 2:
[[314   0  45  33]
 [  1  13  14   9]
 [  0   1 502 122]
 [ 85   3 308 747]]
Epoch 3:
[[327   0  28  37]
 [  1  15   8  13]
 [  0   4 317 304]
 [ 99   6  96 942]]
Epoch 4:
[[316   0  40  36]
 [  1  15  11  10]
 [  0   6 463 156]
 [ 83   7 188 865]]
=> Iteration 1:
Epoch 1:
[[336   0   8  48]
 [  3   6   1  27]
 [  7   1 173 444]
 [129   0  62 952]]
Epoch 2:
[[305   0  51  36]
 [  3  14  12   8]
 [  0   2 453 170]
 [108   4 193 838]]
Epoch 3:
[[320   0  28  44]
 [  2  21   7   7]
 [  4   7 302 312]
 [105  12 107 919]]
Epoch 4:
[[315   0  39  38]
 [  1  21   9   6]
 [  0   6 436 183]
 [ 96   8 175 864]]
=> Iteration 2:
Epoch 1:
[[361   0  23   8]
 [  2   0  21  14]
 [ 23   0 514  88]
 [199   0 377 567]]
Epoch 2:
[[302   0  20  70]
 [  1  18  12   6]
 [  0   9 400 216]
 [ 77   9 222 835]]
Epoch 3:
[[305   0  36  51]
 [  1  21   9   6]
 [  0   9 432 184]
 [ 81   8 195 859]]
Epoch 4:
[[312   0  47  33]
 [  1  20  14   2]
 [  0  10 470 145]
 [ 93   7 233 810]]
=> Iteration 3:
Epoch 1:
[[ 302    0   12   78]
 [   1    0    0   36]
 [   3    0  158  464]
 [  76    0   61 1006]]
Epoch 2:
[[307   0  53  32]
 [  3   9  20   5]
 [  3   1 517 104]
 [ 84   1 311 747]]
Epoch 3:
[[310   0  40  42]
 [  1  12  15   9]
 [  2   4 401 218]
 [ 80   3 149 911]]
Epoch 4:
[[319   0  33  40]
 [  2  14  13   8]
 [  3   7 381 234]
 [ 80   5 140 918]]
=> Iteration 4:
Epoch 1:
[[261   0  35  96]
 [  3   0   6  28]
 [  0   0 304 321]
 [ 66   0  96 981]]
Epoch 2:
[[301   0  38  53]
 [  3  17  10   7]
 [  1   7 403 214]
 [ 91  11 158 883]]
Epoch 3:
[[306   0  47  39]
 [  3  19  11   4]
 [  0   9 476 140]
 [ 91   5 215 832]]
Epoch 4:
[[290   0  45  57]
 [  3  19   9   6]
 [  0   9 457 159]
 [ 77   7 204 855]]

Scores
------
Epoch: 1
             Train loss  Test loss  P (macro)  R (macro)  F1 (macro)
Iteration 0    1.016443   0.771879   0.478654   0.491745    0.471144
Iteration 1    0.930953   0.730000   0.730177   0.532250    0.543590
Iteration 2    0.943735   0.787210   0.501086   0.559845    0.505262
Iteration 3    1.004804   0.698698   0.527415   0.475837    0.471832
Iteration 4    0.992732   0.684448   0.542047   0.502621    0.514267

Epoch: 2
             Train loss  Test loss  P (macro)  R (macro)  F1 (macro)
Iteration 0    0.714341   0.667573   0.736840   0.652279    0.668448
Iteration 1    0.693606   0.662175   0.717170   0.653599    0.672223
Iteration 2    0.673166   0.600618   0.661816   0.656857    0.659176
Iteration 3    0.718530   0.661369   0.751626   0.626787    0.641597
Iteration 4    0.696849   0.630302   0.667684   0.661161    0.664292

Epoch: 3
             Train loss  Test loss  P (macro)  R (macro)  F1 (macro)
Iteration 0    0.612555   0.611743   0.699668   0.642734    0.661293
Iteration 1    0.576510   0.652511   0.666122   0.667780    0.661512
Iteration 2    0.578647   0.595792   0.691128   0.697090    0.693787
Iteration 3    0.593424   0.637076   0.713807   0.638442    0.663686
Iteration 4    0.584877   0.606870   0.698994   0.695909    0.694884

Epoch: 4
             Train loss  Test loss  P (macro)  R (macro)  F1 (macro)
Iteration 0    0.534260   0.588510   0.698986   0.677277    0.685035
Iteration 1    0.512089   0.629542   0.704526   0.706161    0.704886
Iteration 2    0.511411   0.607629   0.685595   0.699280    0.689684
Iteration 3    0.530431   0.648077   0.691256   0.651226    0.667206
Iteration 4    0.527965   0.611374   0.689918   0.683135    0.685323

