RESULTS REPORT (PE C)
Model: RoBERTa
Encoder: roberta-base
Dataset: facts
Evaluation: test set (5 random seeds)
Combination: C
Max sequence length: 512
Batch size: 16
Dropout rate: 0.2
Learning rate: 1e-05
Adam Epsilon: 1e-08
Weight decay: 0.001
Train time: 02h50m49s
GPU name: Tesla V100-SXM2-16GB
GPU memory: 15.78

Averages:
Epoch Train loss   std    Test loss   std    P (macro) P std  R (macro) R std  F1 (macro) F1 std
  1    1.050744  0.034729  0.794656 0.029477   0.6035  0.0313   0.5502  0.0211   0.5631   0.0215
  2    0.840676  0.014180  0.791710 0.033634   0.6091  0.0477   0.5989  0.0341   0.5862   0.0194
  3    0.748707  0.014246  0.755355 0.017839   0.6163  0.0230   0.6137  0.0113   0.6088   0.0147
  4    0.683730  0.011160  0.764652 0.015595   0.6151  0.0193   0.6381  0.0183   0.6225   0.0176

*** Detailed report ***

Confusion matrices
------------------
Fact: 0 
RulingByPresentCourt: 1 
RatioOfTheDecision: 2 
Other: 3 
=> Iteration 0:
Epoch 1:
[[225   2  20 145]
 [  1   8  12  16]
 [ 23   1 363 238]
 [ 85   3 194 861]]
Epoch 2:
[[229   1  61 101]
 [  4  17  14   2]
 [ 20   5 473 127]
 [ 69  11 286 777]]
Epoch 3:
[[229   2  29 132]
 [  2  23   7   5]
 [ 28  11 329 257]
 [ 86  15 139 903]]
Epoch 4:
[[239   2  51 100]
 [  2  24   8   3]
 [ 26  13 375 211]
 [ 84  16 179 864]]
=> Iteration 1:
Epoch 1:
[[252   2  34 104]
 [  2  19  10   6]
 [ 49   3 295 278]
 [ 90   9 224 820]]
Epoch 2:
[[290   3  16  83]
 [  2  25   6   4]
 [ 78  21 218 308]
 [126  14 120 883]]
Epoch 3:
[[305   2  33  52]
 [  4  20   9   4]
 [ 96   5 264 260]
 [150   8 169 816]]
Epoch 4:
[[260   2  34  96]
 [  1  26   7   3]
 [ 38  12 285 290]
 [ 90  11 166 876]]
=> Iteration 2:
Epoch 1:
[[244   1  18 129]
 [ 10  11   5  11]
 [ 32   4 312 277]
 [ 88   2 171 882]]
Epoch 2:
[[ 171    2   14  205]
 [   3   18    6   10]
 [  14    3  247  361]
 [  41    5   90 1007]]
Epoch 3:
[[215   2  57 118]
 [  2  19  11   5]
 [ 20   5 408 192]
 [ 55   5 244 839]]
Epoch 4:
[[236   3  50 103]
 [  1  25   8   3]
 [ 24   8 374 219]
 [ 68   8 205 862]]
=> Iteration 3:
Epoch 1:
[[227   2  47 116]
 [  0  13   7  17]
 [ 40   8 262 315]
 [ 73   6 192 872]]
Epoch 2:
[[306   5  35  46]
 [  2  22   7   6]
 [ 80  16 268 261]
 [171  20 161 791]]
Epoch 3:
[[237   2  39 114]
 [  1  22   6   8]
 [ 37   9 227 352]
 [ 77  12 119 935]]
Epoch 4:
[[257   2  51  82]
 [  2  22   6   7]
 [ 46  11 291 277]
 [ 99  14 159 871]]
=> Iteration 4:
Epoch 1:
[[329   3   8  52]
 [  8  15   4  10]
 [ 60   8 160 397]
 [206   6  97 834]]
Epoch 2:
[[283   3  22  84]
 [  6  17   5   9]
 [ 29   5 164 427]
 [105   5  94 939]]
Epoch 3:
[[290   3  39  60]
 [  3  19  12   3]
 [ 29   8 303 285]
 [121   9 180 833]]
Epoch 4:
[[264   3  43  82]
 [  2  20  12   3]
 [ 21  11 297 296]
 [ 90   9 172 872]]

Scores
------
Epoch: 1
             Train loss  Test loss  P (macro)  R (macro)  F1 (macro)
Iteration 0    1.061276   0.765601   0.636178   0.531069    0.562047
Iteration 1    1.020016   0.787248   0.604941   0.586445    0.594776
Iteration 2    1.005355   0.770225   0.639776   0.547650    0.577790
Iteration 3    1.063983   0.802805   0.573069   0.528134    0.546182
Iteration 4    1.103090   0.847403   0.563541   0.557587    0.534690

Epoch: 2
             Train loss  Test loss  P (macro)  R (macro)  F1 (macro)
Iteration 0    0.854839   0.749054   0.637481   0.620058    0.622877
Iteration 1    0.833006   0.804700   0.569495   0.634200    0.581311
Iteration 2    0.818555   0.776206   0.679398   0.549731    0.586609
Iteration 3    0.840291   0.848989   0.545525   0.624011    0.569159
Iteration 4    0.856691   0.779603   0.613682   0.566330    0.571033

Epoch: 3
             Train loss  Test loss  P (macro)  R (macro)  F1 (macro)
Iteration 0    0.768393   0.745059   0.615937   0.630558    0.616787
Iteration 1    0.733689   0.782359   0.599404   0.613728    0.599264
Iteration 2    0.731001   0.735069   0.660727   0.612204    0.631172
Iteration 3    0.753968   0.770143   0.601585   0.595102    0.588323
Iteration 4    0.756484   0.744147   0.603639   0.616723    0.608586

Epoch: 4
             Train loss  Test loss  P (macro)  R (macro)  F1 (macro)
Iteration 0    0.699463   0.755146   0.615617   0.653562    0.628850
Iteration 1    0.674015   0.784427   0.612486   0.647093    0.623648
Iteration 2    0.668340   0.741490   0.649709   0.657568    0.651139
Iteration 3    0.688511   0.778682   0.590801   0.619459    0.600856
Iteration 4    0.688321   0.763516   0.607026   0.613029    0.607864

