RESULTS REPORT - DFCSC-SEP
Model: RoBERTa
Encoder: roberta-base
Dataset: facts
Evaluation: test set (5 random seeds)
Max sequence length: 512
Min context length: 250
Batch size: 16
Dropout rate: 0.2
Learning rate: 1e-05
Adam Epsilon: 1e-08
Weight decay: 0.001
Train time: 00h33m15s
GPU name: Tesla V100-SXM2-16GB
GPU memory: 15.78

Averages:
Epoch Train loss   std    Test loss   std    P (macro) P std  R (macro) R std  F1 (macro) F1 std
  1    0.953238  0.017480  0.699693 0.029368   0.6159  0.1320   0.5391  0.0614   0.5285   0.0738
  2    0.703797  0.018686  0.618556 0.017644   0.7162  0.0278   0.6632  0.0199   0.6764   0.0101
  3    0.593933  0.015798  0.621527 0.032577   0.7011  0.0093   0.6897  0.0146   0.6911   0.0035
  4    0.529160  0.014610  0.607244 0.022831   0.7007  0.0105   0.6934  0.0137   0.6959   0.0113

*** Detailed report ***

Confusion matrices
------------------
Fact: 0 
RulingByPresentCourt: 1 
RatioOfTheDecision: 2 
Other: 3 
=> Iteration 0:
Epoch 1:
[[314   0  46  32]
 [  2   2  18  15]
 [  1   0 510 114]
 [102   0 279 762]]
Epoch 2:
[[332   0  27  33]
 [  2  16  12   7]
 [  0   7 377 241]
 [101   7 107 928]]
Epoch 3:
[[303   0  56  33]
 [  2  20  10   5]
 [  0   8 475 142]
 [ 95   8 223 817]]
Epoch 4:
[[291   0  56  45]
 [  1  18  11   7]
 [  0   8 423 194]
 [ 89   8 153 893]]
=> Iteration 1:
Epoch 1:
[[346   0   0  46]
 [  3   0   0  34]
 [ 13   0  87 525]
 [165   0  42 936]]
Epoch 2:
[[324   0  42  26]
 [  3  19  11   4]
 [  3   7 475 140]
 [ 93   7 298 745]]
Epoch 3:
[[320   1  49  22]
 [  1  22  12   2]
 [  0   7 510 108]
 [104   7 309 723]]
Epoch 4:
[[315   0  48  29]
 [  1  21  10   5]
 [  1   7 433 184]
 [ 90   7 216 830]]
=> Iteration 2:
Epoch 1:
[[327   0  25  40]
 [  7   0  13  17]
 [ 11   0 335 279]
 [104   0 167 872]]
Epoch 2:
[[317   0  38  37]
 [  1  17   8  11]
 [  2   4 434 185]
 [ 94   5 202 842]]
Epoch 3:
[[298   0  62  32]
 [  1  20   9   7]
 [  0   4 429 192]
 [ 82   6 205 850]]
Epoch 4:
[[317   0  40  35]
 [  1  24   5   7]
 [  2   4 388 231]
 [ 88   7 182 866]]
=> Iteration 3:
Epoch 1:
[[321   0  37  34]
 [  3   9  18   7]
 [  6   0 524  95]
 [118   1 322 702]]
Epoch 2:
[[282   0  39  71]
 [  3  14  16   4]
 [  0   2 407 216]
 [ 67   5 128 943]]
Epoch 3:
[[320   0  23  49]
 [  3  18  12   4]
 [  3   4 369 249]
 [ 92   9 120 922]]
Epoch 4:
[[302   0  42  48]
 [  3  18  12   4]
 [  0   4 441 180]
 [ 84   9 166 884]]
=> Iteration 4:
Epoch 1:
[[305   0  11  76]
 [  1   0   6  30]
 [  0   0 203 422]
 [ 95   0  74 974]]
Epoch 2:
[[299   0  59  34]
 [  2  10  18   7]
 [  0   1 508 116]
 [ 83   1 261 798]]
Epoch 3:
[[326   0  24  42]
 [  2  17   9   9]
 [  3   6 387 229]
 [109   5 108 921]]
Epoch 4:
[[312   0  45  35]
 [  2  19  12   4]
 [  3   6 484 132]
 [ 99   7 197 840]]

Scores
------
Epoch: 1
             Train loss  Test loss  P (macro)  R (macro)  F1 (macro)
Iteration 0    0.926586   0.667490   0.793215   0.584435    0.576174
Iteration 1    0.953237   0.749426   0.484591   0.460188    0.420307
Iteration 2    0.944014   0.673161   0.517627   0.533272    0.523641
Iteration 3    0.964514   0.709552   0.758951   0.628674    0.635690
Iteration 4    0.977839   0.698834   0.524886   0.488751    0.486875

Epoch: 2
             Train loss  Test loss  P (macro)  R (macro)  F1 (macro)
Iteration 0    0.673588   0.610042   0.696242   0.673617    0.681606
Iteration 1    0.711893   0.651067   0.682746   0.687959    0.679168
Iteration 2    0.691390   0.622148   0.709792   0.674798    0.687410
Iteration 3    0.724063   0.600667   0.730454   0.643497    0.676055
Iteration 4    0.718051   0.608854   0.762014   0.635997    0.657548

Epoch: 3
             Train loss  Test loss  P (macro)  R (macro)  F1 (macro)
Iteration 0    0.576089   0.643034   0.688560   0.697071    0.690148
Iteration 1    0.595397   0.666720   0.693174   0.714867    0.694853
Iteration 2    0.579500   0.621728   0.710910   0.682700    0.694385
Iteration 3    0.620393   0.604861   0.700915   0.674966    0.685220
Iteration 4    0.598282   0.571293   0.711967   0.679017    0.690965

Epoch: 4
             Train loss  Test loss  P (macro)  R (macro)  F1 (macro)
Iteration 0    0.507668   0.636649   0.683767   0.671728    0.677448
Iteration 1    0.531745   0.619501   0.694597   0.697525    0.694904
Iteration 2    0.518175   0.616867   0.713471   0.708944    0.710989
Iteration 3    0.548058   0.591185   0.704070   0.683974    0.692819
Iteration 4    0.540154   0.572017   0.707609   0.704685    0.703286

