RESULTS REPORT (PE S)
Model: RoBERTa
Encoder: roberta-base
Dataset: facts
Evaluation: test set (5 random seeds)
Combination: S
Max sequence length: 512
Batch size: 16
Dropout rate: 0.2
Learning rate: 1e-05
Adam Epsilon: 1e-08
Weight decay: 0.001
Train time: 02h50m13s
GPU name: Tesla V100-SXM2-16GB
GPU memory: 15.78

Averages:
Epoch Train loss   std    Test loss   std    P (macro) P std  R (macro) R std  F1 (macro) F1 std
  1    1.166015  0.029667  0.832355 0.054829   0.5829  0.0544   0.5079  0.0296   0.5172   0.0250
  2    0.927357  0.018495  0.783700 0.028023   0.6082  0.0095   0.6024  0.0212   0.5969   0.0130
  3    0.822083  0.016442  0.776432 0.034800   0.6281  0.0176   0.6038  0.0203   0.6109   0.0056
  4    0.753554  0.015932  0.780642 0.028612   0.6147  0.0115   0.6416  0.0105   0.6244   0.0099

*** Detailed report ***

Confusion matrices
------------------
Fact: 0 
RulingByPresentCourt: 1 
RatioOfTheDecision: 2 
Other: 3 
=> Iteration 0:
Epoch 1:
[[251   1  29 111]
 [  3   4   8  22]
 [ 41   0 329 255]
 [ 84   1 108 950]]
Epoch 2:
[[270   3  18 101]
 [  4  12   6  15]
 [ 51   7 245 322]
 [112   5  60 966]]
Epoch 3:
[[220   2  64 106]
 [  1  13  14   9]
 [ 28   3 395 199]
 [ 56   7 196 884]]
Epoch 4:
[[261   4  55  72]
 [  2  22   8   5]
 [ 37  10 392 186]
 [ 85  15 175 868]]
=> Iteration 1:
Epoch 1:
[[209  14  25 144]
 [  3  18   5  11]
 [ 26  20 247 332]
 [ 75  32 126 910]]
Epoch 2:
[[249   4  55  84]
 [  3  19  10   5]
 [ 25   6 408 186]
 [ 90  14 254 785]]
Epoch 3:
[[256   4  27 105]
 [  5  20   7   5]
 [ 37   7 296 285]
 [ 91  13 133 906]]
Epoch 4:
[[258   3  36  95]
 [  3  21   9   4]
 [ 29   7 341 248]
 [ 90  12 178 863]]
=> Iteration 2:
Epoch 1:
[[207   3  58 124]
 [  1  13  12  11]
 [ 29   3 210 383]
 [ 51   5 164 923]]
Epoch 2:
[[263   3  46  80]
 [  0  22   5  10]
 [ 51   5 244 325]
 [ 81   8 167 887]]
Epoch 3:
[[254   3  58  77]
 [  0  23   9   5]
 [ 41   7 313 264]
 [ 76  12 201 854]]
Epoch 4:
[[265   3  49  75]
 [  0  25   7   5]
 [ 44   7 275 299]
 [ 75  12 178 878]]
=> Iteration 3:
Epoch 1:
[[235   3  31 123]
 [  2   8   8  19]
 [ 34   5 139 447]
 [ 64   7 112 960]]
Epoch 2:
[[240   5  42 105]
 [  0  22   9   6]
 [ 17  12 271 325]
 [ 60  11 195 877]]
Epoch 3:
[[252   2  40  98]
 [  1  21   9   6]
 [ 25   8 319 273]
 [ 77   9 212 845]]
Epoch 4:
[[268   3  32  89]
 [  0  24   7   6]
 [ 39  14 298 274]
 [ 92  15 184 852]]
=> Iteration 4:
Epoch 1:
[[266   2  25  99]
 [  2   7  10  18]
 [ 82   2 205 336]
 [136   2 155 850]]
Epoch 2:
[[277   2  21  92]
 [  1  23   8   5]
 [ 76  11 218 320]
 [112   8 116 907]]
Epoch 3:
[[207   2  40 143]
 [  1  21   8   7]
 [ 36   2 248 339]
 [ 60   5 131 947]]
Epoch 4:
[[251   2  42  97]
 [  1  24   8   4]
 [ 46  10 298 271]
 [ 92   9 152 890]]

Scores
------
Epoch: 1
             Train loss  Test loss  P (macro)  R (macro)  F1 (macro)
Iteration 0    1.142650   0.730688   0.683261   0.526490    0.550424
Iteration 1    1.151442   0.828868   0.536579   0.552750    0.521877
Iteration 2    1.145377   0.843338   0.593479   0.505734    0.535585
Iteration 3    1.167907   0.871426   0.537096   0.469500    0.482552
Iteration 4    1.222698   0.887453   0.564279   0.484854    0.495724

Epoch: 2
             Train loss  Test loss  P (macro)  R (macro)  F1 (macro)
Iteration 0    0.911010   0.733996   0.623752   0.562561    0.574638
Iteration 1    0.916615   0.778846   0.605528   0.622077    0.611835
Iteration 2    0.920942   0.798518   0.613542   0.607985    0.607383
Iteration 3    0.925066   0.789024   0.597303   0.601930    0.592883
Iteration 4    0.963153   0.818117   0.600686   0.617645    0.597548

Epoch: 3
             Train loss  Test loss  P (macro)  R (macro)  F1 (macro)
Iteration 0    0.807006   0.717223   0.642410   0.579495    0.604094
Iteration 1    0.813398   0.784256   0.612085   0.614963    0.608731
Iteration 2    0.815661   0.784501   0.611535   0.629384    0.618705
Iteration 3    0.820561   0.770844   0.619087   0.615027    0.616050
Iteration 4    0.853790   0.825337   0.655297   0.580238    0.606892

Epoch: 4
             Train loss  Test loss  P (macro)  R (macro)  F1 (macro)
Iteration 0    0.744660   0.725772   0.624745   0.661754    0.639982
Iteration 1    0.738603   0.794171   0.621288   0.631590    0.625129
Iteration 2    0.749822   0.805107   0.615196   0.639963    0.623726
Iteration 3    0.750426   0.780178   0.592504   0.638632    0.608659
Iteration 4    0.784259   0.797983   0.619538   0.636102    0.624303

