RESULTS REPORT - DFCSC-CLS
Model: Longformer
Encoder: allenai/longformer-base-4096
Evaluation: test set (5 random seeds)
Max sequence length: 1024
Min context length: 250
Batch size: 4
Dropout rate: 0.2
Learning rate: 1e-05
Adam Epsilon: 1e-08
Weight decay: 0.001
Train time: 00h47m44s
GPU name: Tesla V100-SXM2-16GB
GPU memory: 15.78

Averages:
Epoch Train loss   std    Test loss   std    P (macro) P std  R (macro) R std  F1 (macro) F1 std
  1    1.510630  0.028765  0.977762 0.029722   0.6709  0.0805   0.5407  0.0158   0.5492   0.0250
  2    1.021727  0.024922  0.829424 0.027933   0.7532  0.0344   0.6403  0.0223   0.6553   0.0139
  3    0.833584  0.012772  0.773851 0.016410   0.7521  0.0173   0.6896  0.0170   0.7081   0.0181
  4    0.723179  0.015253  0.733111 0.022017   0.7688  0.0177   0.6933  0.0082   0.7206   0.0099

*** Detailed report ***

Confusion matrices
------------------
Fact: 0 
Argument: 1 
Statute: 2 
Precedent: 3 
RulingByLowerCourt: 4 
RulingByPresentCourt: 5 
RatioOfTheDecision: 6 
=> Iteration 0:
Epoch 1:
[[304   2  15  17   0   0  54]
 [ 11 193   1  44   0   0  67]
 [  0   1 140  11   0   0  49]
 [ 34   1   8 317   0   0  41]
 [ 33   3   6  47   0   0  33]
 [  1   0   1   9   0  15  11]
 [  3   5   6 191   0   1 419]]
Epoch 2:
[[311   9   7   0   2   0  63]
 [  3 264   0   8   0   0  41]
 [  0   3 128   3   0   0  67]
 [ 35   7   1 213   0   1 144]
 [ 39  18   6   4   5   1  49]
 [  1   1   0   0   0  21  14]
 [  4  21   2  42   0   4 552]]
Epoch 3:
[[323   1   8   3   9   2  46]
 [ 13 253   1   4   4   0  41]
 [  0   1 139   4   0   0  57]
 [ 38   5   4 243  10   1 100]
 [ 48   0   6   3  50   1  14]
 [  1   0   0   0   1  25  10]
 [  9   6  10  69   1  10 520]]
Epoch 4:
[[335   2   7   3   6   0  39]
 [  8 263   0   6   3   0  36]
 [  0   3 133   5   0   0  60]
 [ 36   6   1 262   8   1  87]
 [ 46   6   7   8  44   0  11]
 [  1   1   0   0   0  23  12]
 [  9  22   4  67   0   3 520]]
=> Iteration 1:
Epoch 1:
[[327  23   2   2  12   0  26]
 [ 20 277   1   4   1   0  13]
 [  2   9 134   9   0   0  47]
 [ 44   8   2 202   8   0 137]
 [ 54  32   0  12  17   0   7]
 [ 16   6   0   4   0   1  10]
 [ 69  54   3  41   2   0 456]]
Epoch 2:
[[324   3   7   4   4   0  50]
 [  9 270   0   7   2   0  28]
 [  0   6 126   6   0   0  63]
 [ 37   5   1 261   2   0  95]
 [ 48  11   2  23  12   2  24]
 [  2   1   0   3   0  22   9]
 [ 16  15   2  73   0   4 515]]
Epoch 3:
[[331   2   7   5   7   0  40]
 [ 12 273   1   6   1   0  23]
 [  1   5 145   4   0   0  46]
 [ 37   5   4 276   8   1  70]
 [ 59   4   6   9  16   4  24]
 [  1   2   0   0   0  25   9]
 [ 27  11   7  89   0   7 484]]
Epoch 4:
[[317   3   7   5  16   0  44]
 [ 10 282   1   3   2   0  18]
 [  0   8 143   6   0   0  44]
 [ 37   7   4 284   9   1  59]
 [ 43   7   6  10  38   3  15]
 [  1   3   0   1   0  24   8]
 [ 23  14   8  79   0   6 495]]
=> Iteration 2:
Epoch 1:
[[278  15   9  14   1   0  75]
 [  3 254   1  36   0   0  22]
 [  2   2 124  16   0   0  57]
 [ 36   4   1 334   0   0  26]
 [ 28   3   0  24   2   0  65]
 [  1   1   0   5   0   8  22]
 [  2   8   1 205   0   1 408]]
Epoch 2:
[[356   3   1   6   0   0  26]
 [ 17 282   1   5   0   0  11]
 [  5   3 139   7   0   0  47]
 [ 44   6   1 320   0   1  29]
 [ 81   3   1  10   5   3  19]
 [  1   1   0   1   0  24  10]
 [ 10  29  10 160   0   9 407]]
Epoch 3:
[[356   1   0   7  13   0  15]
 [ 16 275   2  11   3   0   9]
 [  9   3 144   9   0   0  36]
 [ 37   7   4 334   7   1  11]
 [ 47   3   0   9  49   2  12]
 [  1   1   1   1   0  22  11]
 [ 15  16  11 165   0   7 411]]
Epoch 4:
[[326   7   0   4  11   0  44]
 [  7 287   2   3   3   0  14]
 [  4   2 129   6   0   0  60]
 [ 37   7   2 292   8   1  54]
 [ 42   3   0   9  48   1  19]
 [  1   1   0   0   0  22  13]
 [  8  14   9  97   0   5 492]]
=> Iteration 3:
Epoch 1:
[[285  16   8  10   0   0  73]
 [  3 279   0   5   0   0  29]
 [  0   4 110  12   0   0  75]
 [ 37  10   1 302   0   0  51]
 [ 45  17   0  24   0   0  36]
 [  2   2   1   8   0   0  24]
 [  1  24   0 155   0   0 445]]
Epoch 2:
[[310   3  13   5  27   5  29]
 [  7 279   2   5   3   0  20]
 [  7   2 143   8   0   0  41]
 [ 36   6  13 272  10   1  63]
 [ 42   0   0   1  49   3  27]
 [  2   1   1   1   1  18  13]
 [  3  13  16 125   0  11 457]]
Epoch 3:
[[339   0   1   7   4   0  41]
 [ 16 270   1   7   1   0  21]
 [ 12   2 131   9   0   0  47]
 [ 37   6   1 291   7   1  58]
 [ 55   1   0  10  34   1  21]
 [  1   1   0   1   0  21  13]
 [  3   8   2 140   0   7 465]]
Epoch 4:
[[318   5   2   6  17   0  44]
 [  9 283   2   5   2   0  15]
 [  8   2 134   7   0   0  50]
 [ 36  10   2 287   8   1  57]
 [ 46   1   0   9  45   0  21]
 [  1   1   0   0   0  20  15]
 [  1  11   8 120   0   7 478]]
=> Iteration 4:
Epoch 1:
[[317   1  27  11   1   0  35]
 [ 48 171   2  20   2   0  73]
 [  2   1 147   4   0   0  47]
 [ 49   1  19 281   0   0  51]
 [ 50   0   9  18   6   1  38]
 [  4   1  10   2   0   5  15]
 [ 16   0  23 110   0   1 475]]
Epoch 2:
[[354   1   1   5   3   0  28]
 [ 18 268   0   3   0   0  27]
 [ 10   4 106   6   0   0  75]
 [ 39   8   1 263   5   1  84]
 [ 62  13   0  14  15   0  18]
 [  4   2   0   0   1  17  13]
 [ 16  34   0  64   0   1 510]]
Epoch 3:
[[296   7  10   4  36   0  39]
 [  4 271   1   7   8   0  25]
 [  2   2 135   5   0   0  57]
 [ 36   7   4 288   8   1  57]
 [ 27   3   0  13  62   0  17]
 [  1   1   0   0   0  22  13]
 [  2  11   9  82   1   5 515]]
Epoch 4:
[[325   5  11   6  13   0  32]
 [ 11 267   1   8   2   0  27]
 [  2   2 137   7   0   0  53]
 [ 37   7   4 296   7   0  50]
 [ 31   3   0  16  54   0  18]
 [  1   1   0   0   0  22  13]
 [  5  17   9  92   0   4 498]]

Scores
------
Epoch: 1
             Train loss  Test loss  P (macro)  R (macro)  F1 (macro)
Iteration 0    1.566002   1.013741   0.653940   0.564159    0.583663
Iteration 1    1.507190   0.941203   0.721855   0.539592    0.543526
Iteration 2    1.484214   0.950677   0.753983   0.549746    0.568659
Iteration 3    1.493643   1.009893   0.523674   0.517476    0.511404
Iteration 4    1.502102   0.973298   0.701114   0.532317    0.538758

Epoch: 2
             Train loss  Test loss  P (macro)  R (macro)  F1 (macro)
Iteration 0    1.030809   0.840639   0.767439   0.612650    0.634184
Iteration 1    1.030320   0.866642   0.751320   0.639379    0.662160
Iteration 2    0.983323   0.795459   0.783167   0.661564    0.653195
Iteration 3    1.006998   0.798398   0.687651   0.668972    0.676479
Iteration 4    1.057186   0.845982   0.776208   0.618971    0.650627

Epoch: 3
             Train loss  Test loss  P (macro)  R (macro)  F1 (macro)
Iteration 0    0.847850   0.768143   0.748455   0.691379    0.710974
Iteration 1    0.825582   0.806536   0.720681   0.671315    0.678559
Iteration 2    0.818243   0.765211   0.761823   0.711655    0.725199
Iteration 3    0.826470   0.763501   0.770865   0.669558    0.698361
Iteration 4    0.849773   0.765862   0.758531   0.704191    0.727171

Epoch: 4
             Train loss  Test loss  P (macro)  R (macro)  F1 (macro)
Iteration 0    0.741378   0.730510   0.787492   0.688029    0.722584
Iteration 1    0.729453   0.751135   0.742746   0.696125    0.711975
Iteration 2    0.697964   0.692508   0.775898   0.697867    0.726014
Iteration 3    0.714702   0.753656   0.753147   0.680481    0.707323
Iteration 4    0.732398   0.737744   0.784638   0.703969    0.734967

