RESULTS REPORT (PE C)
Model: RoBERTa
Encoder: roberta-base
Evaluation: test set (5 random seeds)
Combination: C
Max sequence length: 512
Batch size: 16
Dropout rate: 0.2
Learning rate: 1e-05
Adam Epsilon: 1e-08
Weight decay: 0.001
Train time: 02h45m20s
GPU name: Tesla V100-SXM2-16GB
GPU memory: 15.78

Averages:
Epoch Train loss   std    Test loss   std    P (macro) P std  R (macro) R std  F1 (macro) F1 std
  1    1.483864  0.046839  1.195337 0.072900   0.5802  0.0336   0.5158  0.0319   0.5210   0.0322
  2    1.149527  0.028530  1.139731 0.053551   0.5941  0.0309   0.5511  0.0338   0.5529   0.0283
  3    1.022264  0.021366  1.121109 0.060606   0.5956  0.0296   0.5691  0.0218   0.5684   0.0206
  4    0.931347  0.024162  1.135782 0.053284   0.5802  0.0215   0.5790  0.0147   0.5719   0.0170

*** Detailed report ***

Confusion matrices
------------------
Fact: 0 
Argument: 1 
Statute: 2 
Precedent: 3 
RulingByLowerCourt: 4 
RulingByPresentCourt: 5 
RatioOfTheDecision: 6 
=> Iteration 0:
Epoch 1:
[[260  33   2   7  27   7  56]
 [ 17 203   3  28   4   0  61]
 [  8   7 120   5   1   0  60]
 [ 30  19  14 175  11   4 148]
 [ 22  15   1   5  32  11  36]
 [  1   0   0   1   3  21  11]
 [ 39  42   6  51  11  10 466]]
Epoch 2:
[[301  14   4   7   9   6  51]
 [ 26 201   4  31   0   0  54]
 [ 14   6 135   6   0   2  38]
 [ 50  16  16 200   2   2 115]
 [ 41   9   0  13  16  10  33]
 [  2   0   0   2   0  24   9]
 [ 64  24   6  85   0  15 431]]
Epoch 3:
[[270  23   3  13  24   4  55]
 [ 17 201   5  36   1   0  56]
 [ 10   7 130   7   0   1  46]
 [ 34  15  16 207   7   3 119]
 [ 30  11   1  15  27  11  27]
 [  2   0   0   3   0  24   8]
 [ 41  41   5  85   5  12 436]]
Epoch 4:
[[273  21   4  11  23   4  56]
 [ 20 204   8  31   3   1  49]
 [  9   7 141   5   0   1  38]
 [ 36  17  18 201   7   3 119]
 [ 30  11   3  12  27  11  28]
 [  2   0   0   2   0  24   9]
 [ 48  41  13  71   6  13 433]]
=> Iteration 1:
Epoch 1:
[[309  20   7   9   3   3  41]
 [ 29 212   5  25   2   0  43]
 [  7   5 134   0   0   0  55]
 [ 55  18  19 165   1   0 143]
 [ 68   6   4  11   6   2  25]
 [  8   0   2   0   0  13  14]
 [ 76  37  13  71   1   3 424]]
Epoch 2:
[[250  41   1   9  10   4  77]
 [ 11 213   2  31   2   0  57]
 [  6   5 127   3   0   1  59]
 [ 33  18  15 224   3   1 107]
 [ 42  11   0  13  18  10  28]
 [  2   0   0   1   0  23  11]
 [ 24  27   1  98   2  11 462]]
Epoch 3:
[[282  14   7  11  22   3  53]
 [ 22 203  10  35   4   0  42]
 [  8   6 149   2   0   0  36]
 [ 40  13  25 222   4   0  97]
 [ 38  12   4  12  28   9  19]
 [  1   0   1   1   1  23  10]
 [ 33  24  23  85   9  11 440]]
Epoch 4:
[[277  21   2   8  19   4  61]
 [ 21 215   4  27   3   0  46]
 [  8   7 135   3   0   1  47]
 [ 43  20  18 209   6   0 105]
 [ 40  12   2   7  31  10  20]
 [  1   0   1   1   1  24   9]
 [ 36  32  13  74   8  11 451]]
=> Iteration 2:
Epoch 1:
[[264   5   2   3  10   7 101]
 [ 48 161   5  21   1   0  80]
 [  9   2 125   1   0   0  64]
 [ 50   8  16 146   6   2 173]
 [ 39   8   4  16   8   5  42]
 [  3   0   0   1   1  14  18]
 [ 73  65  13  77   5   7 385]]
Epoch 2:
[[254  29   0  14  17   5  73]
 [ 16 227   5  28   0   1  39]
 [ 10  12 136   6   0   1  36]
 [ 32  27  15 212   6   2 107]
 [ 26  20   2  19  16  10  29]
 [  3   1   0   3   0  21   9]
 [ 46 133   7 120   8  12 299]]
Epoch 3:
[[277  22   0   5  17   6  65]
 [ 25 216   4  24   0   0  47]
 [ 11  14 130   7   0   1  38]
 [ 43  22  16 207   5   1 107]
 [ 40  17   1  15  19   6  24]
 [  5   1   0   3   0  21   7]
 [ 48 135   7  95  12  12 316]]
Epoch 4:
[[272  18   1   7  23   3  68]
 [ 19 215   8  24   3   1  46]
 [ 10  10 138   5   0   1  37]
 [ 41  20  17 194   7   1 121]
 [ 31  14   3  13  28   8  25]
 [  2   1   0   3   1  21   9]
 [ 41 106  19  83  18  13 345]]
=> Iteration 3:
Epoch 1:
[[340   3   0   1   1  10  37]
 [ 75 169   3  23   0   0  46]
 [ 19   5 126   4   0   1  46]
 [ 73  11  12 176   0   3 126]
 [ 72   2   2   8   4   9  25]
 [  9   0   1   2   1  18   6]
 [132  49   9  47   0  15 373]]
Epoch 2:
[[228  58   2  21   7   2  74]
 [ 14 233   1  28   0   0  40]
 [  6  14 116   8   0   0  57]
 [ 30  24  10 211   3   0 123]
 [ 33  21   1  21  10   2  34]
 [  4   1   0   2   1  11  18]
 [ 25 123   4  65   8   1 399]]
Epoch 3:
[[301   8   5  11   7   4  56]
 [ 39 191  11  34   0   1  40]
 [  8   5 147   9   0   1  31]
 [ 47  10  20 224   3   1  96]
 [ 44   8   5  22  12   9  22]
 [  2   0   1   2   1  22   9]
 [ 50  30  31  82   6  12 414]]
Epoch 4:
[[273  18   1   7  20   7  66]
 [ 23 214   7  26   4   1  41]
 [  6   9 135   8   0   2  41]
 [ 44  16  14 204   7   1 115]
 [ 35  15   1  15  22  13  21]
 [  3   0   0   2   3  23   6]
 [ 33  66  14  72  16  14 410]]
=> Iteration 4:
Epoch 1:
[[296  14   1   4  15   5  57]
 [ 25 200   7  23   2   1  58]
 [ 12   5 121   2   0   1  60]
 [ 46  21  18 201   7   2 106]
 [ 44   8   2   9  20   4  35]
 [  5   0   0   3   1  12  16]
 [ 48  27   6  78   0   9 457]]
Epoch 2:
[[276  12   3   4  29   6  62]
 [ 22 200   6  26   5   1  56]
 [  7   7 130   5   3   2  47]
 [ 38  16  17 223  10   2  95]
 [ 31   6   5   9  33   8  30]
 [  2   0   2   3   1  20   9]
 [ 38  18  10 104   7  13 435]]
Epoch 3:
[[316  11   2  10   7   2  44]
 [ 28 207   4  31   1   0  45]
 [ 16   9 123   4   0   0  49]
 [ 42  17  14 218   3   0 107]
 [ 50   8   1  21  14   3  25]
 [  5   0   0   3   0  16  13]
 [ 52  23   5 108   3   4 430]]
Epoch 4:
[[286  18   3   9  20   5  51]
 [ 21 202   8  25   3   1  56]
 [  9   8 133   5   1   2  43]
 [ 37  15  18 202   8   2 119]
 [ 34   8   3  16  24   8  29]
 [  2   0   0   2   1  23   9]
 [ 40  21  19  86  10  14 435]]

Scores
------
Epoch: 1
             Train loss  Test loss  P (macro)  R (macro)  F1 (macro)
Iteration 0    1.456614   1.183531   0.586169   0.559222    0.562044
Iteration 1    1.460732   1.130387   0.605194   0.516603    0.525905
Iteration 2    1.577238   1.314484   0.514643   0.461271    0.471959
Iteration 3    1.467316   1.233808   0.604471   0.512000    0.499243
Iteration 4    1.457421   1.114477   0.590642   0.530101    0.545732

Epoch: 2
             Train loss  Test loss  P (macro)  R (macro)  F1 (macro)
Iteration 0    1.134388   1.144864   0.619631   0.577675    0.569641
Iteration 1    1.139711   1.083701   0.623928   0.572945    0.577909
Iteration 2    1.202097   1.221316   0.537549   0.535532    0.524200
Iteration 3    1.153031   1.169363   0.598345   0.491420    0.513265
Iteration 4    1.118409   1.079412   0.591261   0.578129    0.579298

Epoch: 3
             Train loss  Test loss  P (macro)  R (macro)  F1 (macro)
Iteration 0    1.012064   1.134260   0.594685   0.579341    0.577247
Iteration 1    1.016466   1.036664   0.605441   0.601690    0.597594
Iteration 2    1.064555   1.223520   0.550786   0.540294    0.534668
Iteration 3    1.011441   1.112237   0.585149   0.573941    0.561200
Iteration 4    1.006795   1.098865   0.642006   0.550279    0.571156

Epoch: 4
             Train loss  Test loss  P (macro)  R (macro)  F1 (macro)
Iteration 0    0.915672   1.148331   0.587163   0.586785    0.577982
Iteration 1    0.921017   1.062484   0.614773   0.600600    0.599641
Iteration 2    0.975819   1.226403   0.551828   0.556242    0.549191
Iteration 3    0.936580   1.122765   0.564542   0.573138    0.560481
Iteration 4    0.907650   1.118924   0.582899   0.578372    0.572378

