RESULTS REPORT - DFCSC-CLS
Model: InCaseLaw
Encoder: law-ai/InCaseLawBERT
Evaluation: test set (5 random seeds)
Max sequence length: 512
Min context length: 250
Batch size: 16
Dropout rate: 0.2
Learning rate: 1e-05
Adam Epsilon: 1e-08
Weight decay: 0.001
Train time: 00h33m43s
GPU name: Tesla V100-SXM2-16GB
GPU memory: 15.78

Averages:
Epoch Train loss   std    Test loss   std    P (macro) P std  R (macro) R std  F1 (macro) F1 std
  1    1.303814  0.051586  0.861522 0.011160   0.5821  0.0564   0.5352  0.0082   0.5308   0.0093
  2    0.863690  0.026764  0.803261 0.010272   0.6607  0.0184   0.6011  0.0159   0.6100   0.0175
  3    0.739285  0.019734  0.782996 0.013210   0.6731  0.0208   0.6351  0.0096   0.6420   0.0141
  4    0.672883  0.019235  0.778183 0.005029   0.6838  0.0232   0.6451  0.0095   0.6520   0.0109

*** Detailed report ***

Confusion matrices
------------------
Fact: 0 
Argument: 1 
Statute: 2 
Precedent: 3 
RulingByLowerCourt: 4 
RulingByPresentCourt: 5 
RatioOfTheDecision: 6 
=> Iteration 0:
Epoch 1:
[[312  14  13   6   5   0  42]
 [ 13 276   8   9   1   0   9]
 [  0   4 144   5   0   0  48]
 [ 34  28  17 253   0   0  69]
 [ 81   3   0   7   0   0  31]
 [  1   2   2   7   0   0  25]
 [  4  27  26  88   0   0 480]]
Epoch 2:
[[301  21   2   5   4   1  58]
 [  3 283   3   7   4   2  14]
 [  0   4 130   6   0   0  61]
 [ 46  22   7 213   0   4 109]
 [ 74   3   0   3   7   8  27]
 [  1   1   0   2   0  10  23]
 [  0   6  10  59   2  16 532]]
Epoch 3:
[[289  30   3   5  13   1  51]
 [  4 285   4   8   4   2   9]
 [  0   4 140   6   0   1  50]
 [ 40  25  11 231   6   5  83]
 [ 49  14   0  10  25   8  16]
 [  1   2   1   0   0  19  14]
 [  3  26  18  57   2  21 498]]
Epoch 4:
[[296  24   3   5  13   1  50]
 [  4 285   4   8   4   2   9]
 [  0   4 140   6   0   1  50]
 [ 40  22  11 242   6   5  75]
 [ 49   7   0  10  34   8  14]
 [  1   2   1   0   0  19  14]
 [  3  20  18  57   2  21 504]]
=> Iteration 1:
Epoch 1:
[[294  30   8   5   1   0  54]
 [  2 300   0   3   0   0  11]
 [  0   7 111   6   0   0  77]
 [ 40  27   1 227   0   0 106]
 [ 44  24   0  21   7   0  26]
 [  1   2   0   4   0   0  30]
 [  0  21   2  81   0   0 521]]
Epoch 2:
[[299  18   3   5   6   1  60]
 [  5 285   3   3   0   0  20]
 [  0   4 128   3   0   0  66]
 [ 40  14   8 206   6   4 123]
 [ 60   3   0  12  18   8  21]
 [  1   1   0   0   0  14  21]
 [  0   6   8  44   0  14 553]]
Epoch 3:
[[291  21   2   7  12   1  58]
 [  1 290   1   5   1   0  18]
 [  0   5 127   6   0   0  63]
 [ 40  25   6 242   6   4  78]
 [ 45   7   0  15  36   8  11]
 [  1   1   0   0   0  14  21]
 [  0   6   7  69   0  14 529]]
Epoch 4:
[[305  20   3   7  12   1  44]
 [  5 291   2   4   1   0  13]
 [  0   5 133   6   0   1  56]
 [ 40  25   8 233   7   4  84]
 [ 45   3   0  15  40   8  11]
 [  1   1   1   0   0  18  16]
 [  0   9  13  52   0  16 535]]
=> Iteration 2:
Epoch 1:
[[306  24   3   7   3   0  49]
 [  5 287   5   8   4   0   7]
 [  0   4 128   9   0   0  60]
 [ 47  22  13 270   0   0  49]
 [ 70  10   0  19   4   0  19]
 [  1   2   0   4   0   0  30]
 [  0  20   8  90   2   0 505]]
Epoch 2:
[[312  25   3   5  15   0  32]
 [  4 287   5   8   6   0   6]
 [  0   4 129   8   0   0  60]
 [ 47  22   6 262   0   4  60]
 [ 59   3   0  10  38   5   7]
 [  1   2   0   4   0   8  22]
 [ 10  20   8  85   2  13 487]]
Epoch 3:
[[298  19   3   5  21   1  45]
 [  4 287   5   3   8   0   9]
 [  0   4 131   6   0   0  60]
 [ 47  25   9 244   0   4  72]
 [ 45   3   0  21  41   8   4]
 [  1   2   0   2   0  10  22]
 [  0  18  10  66   3  13 515]]
Epoch 4:
[[293  19   3   5  21   1  50]
 [  4 287   5   3   8   0   9]
 [  0   4 132   8   0   0  57]
 [ 47  22   7 254   0   4  67]
 [ 45   3   0  15  47   8   4]
 [  1   2   0   2   0  10  22]
 [  0  18   9  75   3  13 507]]
=> Iteration 3:
Epoch 1:
[[310  12   2   5   6   0  57]
 [  5 283   0   8   1   0  19]
 [  0   7 112   6   0   0  76]
 [ 46  25   1 195   0   0 134]
 [ 50   3   0   6  14   0  49]
 [  1   2   0   0   0   0  34]
 [  0  12   3  65   0   0 545]]
Epoch 2:
[[316  17   7   5  12   0  35]
 [  5 292   4   3   5   0   7]
 [  0   6 129   3   0   0  63]
 [ 46  25   9 201   0   0 120]
 [ 50   3   0  10  37   5  17]
 [  1   2   0   0   0   5  29]
 [  0  20  11  55   2   7 530]]
Epoch 3:
[[320  15   3   5  14   0  35]
 [  5 291   4   3   5   0   8]
 [  0   6 129   6   0   0  60]
 [ 46  25   7 240   0   4  79]
 [ 45   3   0  15  47   5   7]
 [  1   2   0   0   0  14  20]
 [  0  19  10  67   2  14 513]]
Epoch 4:
[[320  12   3   5   8   1  43]
 [  9 287   2   3   1   0  14]
 [  0   6 129   6   0   0  60]
 [ 46  25   7 245   0   2  76]
 [ 45   3   0  15  42   8   9]
 [  1   2   0   0   0  13  21]
 [  2  18  10  68   0  10 517]]
=> Iteration 4:
Epoch 1:
[[300  27   0   4   0   0  61]
 [  5 297   0   2   0   0  12]
 [  0   7 120   6   0   0  68]
 [ 46  22   4 195   0   0 134]
 [ 54  13   0   3   0   0  52]
 [  1   2   0   0   0   0  34]
 [  0  19   3  44   0   0 559]]
Epoch 2:
[[314  12   1   5   7   1  52]
 [  6 285   4   4   6   0  11]
 [  0   6 126   6   0   1  62]
 [ 46   8   6 236   0   4 101]
 [ 70   3   0  13   8   8  20]
 [  1   1   0   2   0  19  14]
 [  0   3   8  74   3  18 519]]
Epoch 3:
[[310  19   1   5  12   1  44]
 [  6 287   4   4   6   0   9]
 [  0   6 131   6   0   1  57]
 [ 40   8   8 256   6   4  79]
 [ 60   3   0  18  18   8  15]
 [  1   1   0   2   0  19  14]
 [  0   6  11  78   3  18 509]]
Epoch 4:
[[310  19   5   5  12   1  40]
 [  6 288   4   3   6   0   9]
 [  0   6 134   6   0   1  54]
 [ 40  14  18 238   6   4  81]
 [ 56   7   0  10  25   8  16]
 [  1   1   0   2   0  19  14]
 [  0   9  17  68   3  18 510]]

Scores
------
Epoch: 1
             Train loss  Test loss  P (macro)  R (macro)  F1 (macro)
Iteration 0    1.332572   0.852749   0.503283   0.540668    0.520649
Iteration 1    1.349540   0.881730   0.653159   0.529810    0.529508
Iteration 2    1.354194   0.854779   0.568543   0.548537    0.539648
Iteration 3    1.236196   0.852815   0.638773   0.530948    0.543355
Iteration 4    1.246568   0.865535   0.546652   0.526126    0.521083

Epoch: 2
             Train loss  Test loss  P (macro)  R (macro)  F1 (macro)
Iteration 0    0.887197   0.792631   0.631312   0.574316    0.577098
Iteration 1    0.886369   0.793375   0.684103   0.603701    0.615789
Iteration 2    0.879860   0.813347   0.666218   0.615171    0.629688
Iteration 3    0.820082   0.817441   0.672052   0.594232    0.612809
Iteration 4    0.844941   0.799510   0.649995   0.618257    0.614660

Epoch: 3
             Train loss  Test loss  P (macro)  R (macro)  F1 (macro)
Iteration 0    0.755897   0.788197   0.647251   0.632422    0.624859
Iteration 1    0.759911   0.761022   0.693471   0.630752    0.646874
Iteration 2    0.748912   0.792993   0.662315   0.622713    0.635353
Iteration 3    0.710611   0.797332   0.701569   0.651705    0.666527
Iteration 4    0.721095   0.775437   0.660674   0.637806    0.636594

Epoch: 4
             Train loss  Test loss  P (macro)  R (macro)  F1 (macro)
Iteration 0    0.690946   0.780024   0.668347   0.650802    0.646952
Iteration 1    0.691830   0.773839   0.700720   0.658863    0.666407
Iteration 2    0.680378   0.783994   0.669766   0.630361    0.643982
Iteration 3    0.642946   0.782227   0.720677   0.642876    0.663567
Iteration 4    0.658314   0.770829   0.659318   0.642403    0.639245

